 PDE 2000  1  1  0  0  0.00  6.0000  12.0000  50.0 0.0 0.0 DSMREFmrr
event name:     dsmref_mrr
time shift:     0.0000
half duration:  80.0000
latitude:       6.0000
longitude:      12.0000
depth:          50.0000
Mrr:            1.000000e+27
Mtt:            0.000000e+00
Mpp:            0.000000e+00
Mrt:            0.000000e+00
Mrp:            0.000000e+00
Mtp:            0.000000e+00
